0 0.39296875 0.03828125 0.04296875 0.0765625
0 0.46953125 0.08046875 0.05 0.05625
0 0.4421875 0.01171875 0.04375 0.0234375
0 0.49765625 0.00859375 0.0296875 0.015625
0 0.56796875 0.04140625 0.04921875 0.0515625
0 0.74375 0.01953125 0.05390625 0.0390625
0 0.25625 0.0515625 0.040625 0.0625
0 0.275 0.05 0.04375 0.075
0 0.20078125 0.10546875 0.04765625 0.0890625
0 0.15234375 0.0890625 0.03984375 0.07265625
0 0.1765625 0.09453125 0.04140625 0.06796875
0 0.184375 0.24296875 0.04921875 0.07109375
0 0.22421875 0.32890625 0.0421875 0.065625
0 0.27734375 0.3390625 0.03828125 0.06328125
0 0.48046875 0.2671875 0.04140625 0.05390625
0 0.72578125 0.1875 0.05078125 0.0546875
0 0.9109375 0.15703125 0.04296875 0.0515625
0 0.790625 0.12109375 0.05234375 0.0671875
0 0.83515625 0.171875 0.0359375 0.0609375
0 0.8703125 0.21875 0.05234375 0.05625
0 0.97265625 0.59921875 0.03828125 0.03828125
0 0.07578125 0.71640625 0.0421875 0.05078125
0 0.0984375 0.44296875 0.04140625 0.04921875
0 0.33046875 0.421875 0.05078125 0.0671875
0 0.40078125 0.478125 0.04453125 0.03828125
0 0.40078125 0.31875 0.0703125 0.08828125
0 0.71328125 0.36875 0.03984375 0.05078125
0 0.7640625 0.6125 0.04296875 0.0578125
0 0.81171875 0.63203125 0.0359375 0.046875
0 0.91796875 0.38828125 0.0375 0.04921875
0 0.83125 0.5015625 0.0375 0.06640625
0 0.80859375 0.55234375 0.03828125 0.0484375
0 0.30703125 0.6109375 0.04375 0.0515625
0 0.2984375 0.70546875 0.04296875 0.046875
0 0.0875 0.6703125 0.040625 0.04609375
0 0.22109375 0.71015625 0.04765625 0.0375
0 0.1375 0.70703125 0.040625 0.0453125
0 0.17109375 0.70859375 0.0421875 0.04296875
0 0.109375 0.3875 0.040625 0.05859375
0 0.2546875 0.5046875 0.0390625 0.04453125
0 0.34375 0.65234375 0.04140625 0.04296875
0 0.3 0.46484375 0.0390625 0.04140625
0 0.29140625 0.4953125 0.04140625 0.04453125
0 0.43984375 0.6859375 0.0359375 0.03984375
0 0.60546875 0.48984375 0.04140625 0.05078125
0 0.615625 0.59765625 0.0359375 0.03828125
0 0.53046875 0.21875 0.0546875 0.06328125
0 0.57265625 0.24921875 0.05390625 0.06328125
0 0.40078125 0.3921875 0.04453125 0.0484375
0 0.06015625 0.35859375 0.0359375 0.0375
0 0.23046875 0.47421875 0.05078125 0.06328125
0 0.21328125 0.52265625 0.03984375 0.0359375
0 0.3515625 0.56484375 0.046875 0.05625
0 0.328125 0.515625 0.03125 0.025
0 0.4640625 0.65546875 0.0359375 0.04921875
0 0.4984375 0.68359375 0.04765625 0.0421875
0 0.5078125 0.5609375 0.0484375 0.06171875
0 0.57421875 0.57890625 0.046875 0.0609375
0 0.5109375 0.41328125 0.04765625 0.06640625
0 0.44609375 0.3921875 0.04765625 0.06953125
0 0.6640625 0.3265625 0.0359375 0.04765625
0 0.75625 0.2640625 0.06171875 0.07421875
0 0.73984375 0.29609375 0.05 0.0578125
0 0.87734375 0.5046875 0.04921875 0.04453125
0 0.51875 0.48046875 0.0328125 0.0421875
0 0.5296875 0.51953125 0.04375 0.04140625
0 0.48984375 0.35 0.053125 0.06796875
0 0.58359375 0.39609375 0.04140625 0.04140625
0 0.53828125 0.3515625 0.0359375 0.0546875
0 0.6 0.3328125 0.0296875 0.0328125
0 0.646875 0.35078125 0.03828125 0.0515625
0 0.0515625 0.29140625 0.0421875 0.06015625
0 0.5625 0.346875 0.04453125 0.05078125
0 0.015625 0.35859375 0.03125 0.06953125
0 0.09375 0.30703125 0.0546875 0.05546875
0 0.13125 0.56171875 0.04609375 0.05703125
0 0.1640625 0.60234375 0.05078125 0.04609375
0 0.20703125 0.5671875 0.034375 0.0328125
0 0.17421875 0.5625 0.03125 0.03125
0 0.125 0.45703125 0.03515625 0.0375
0 0.13046875 0.49375 0.0390625 0.059375
0 0.15859375 0.4875 0.04609375 0.0546875
0 0.40078125 0.5625 0.04765625 0.0625