0 0.19140625 0.478125 0.0484375 0.07421875
0 0.31328125 0.4015625 0.053125 0.05546875
0 0.39609375 0.275 0.0734375 0.06953125
0 0.603125 0.2234375 0.05 0.04921875
0 0.56875 0.2734375 0.0578125 0.05390625
0 0.4640625 0.4 0.0375 0.0421875
0 0.56640625 0.446875 0.07421875 0.07890625
0 0.26953125 0.5703125 0.03359375 0.07265625
0 0.42109375 0.6796875 0.0515625 0.0453125
0 0.58046875 0.58515625 0.05625 0.05
0 0.4921875 0.79609375 0.01875 0.03125
0 0.51171875 0.8640625 0.04921875 0.034375
0 0.5515625 0.715625 0.0765625 0.06171875
0 0.525 0.81484375 0.040625 0.034375