0 0.278125 0.3046875 0.05078125 0.0703125
0 0.384375 0.284375 0.0625 0.0578125
0 0.490625 0.25390625 0.0609375 0.05078125
0 0.5921875 0.22578125 0.05625 0.05546875
0 0.6890625 0.23046875 0.05234375 0.06328125
0 0.7765625 0.21953125 0.053125 0.0421875
0 0.9265625 0.19140625 0.05546875 0.05625
0 0.84609375 0.2015625 0.05234375 0.05234375
0 0.353125 0.38359375 0.05 0.0515625
0 0.4328125 0.4546875 0.05 0.059375
0 0.51171875 0.5109375 0.0546875 0.06875
0 0.5796875 0.56953125 0.05703125 0.04765625
0 0.62421875 0.58203125 0.05859375 0.05390625
0 0.69140625 0.609375 0.05703125 0.05234375
0 0.76328125 0.64765625 0.05546875 0.0640625
0 0.82421875 0.678125 0.0515625 0.0640625
0 0.890625 0.69609375 0.0546875 0.06640625
0 0.959375 0.72109375 0.053125 0.05625